    81    64     2     4
     1      0.000000000000      0.000000000000
     2      0.000000000000      0.125000000000
     3      0.150448135895      0.142428971628
     4      0.125000000000      0.000000000000
     5      0.000000000000      0.250000000000
     6      0.136865274275      0.230749593757
     7      0.200684608946      0.171544476695
     8      0.250000000000      0.000000000000
     9      0.299173547795      0.237802672654
    10      0.000000000000      0.375000000000
    11      0.111058276028      0.381253339121
    12      0.219107326537      0.408056070964
    13      0.396439766081      0.170769873855
    14      0.375000000000      0.000000000000
    15      0.423684874999      0.288802439673
    16      0.326699912990      0.381244729160
    17      0.000000000000      0.500000000000
    18      0.155433053193      0.472145279087
    19      0.285979228558      0.520576304948
    20      0.381625252800      0.509676143589
    21      0.525411268096      0.133629607311
    22      0.500000000000      0.000000000000
    23      0.508590447245      0.258174342527
    24      0.469073302617      0.334980029128
    25      0.500344146348      0.466660282178
    26      0.000000000000      0.625000000000
    27      0.080609574318      0.589624710476
    28      0.233519739992      0.642156476688
    29      0.388090475675      0.638985318181
    30      0.539197781501      0.612243545168
    31      0.642339662643      0.091287296613
    32      0.625000000000      0.000000000000
    33      0.644574479320      0.279997656642
    34      0.654983143315      0.364979369986
    35      0.641060516720      0.525511908495
    36      0.626993659535      0.604521041166
    37      0.000000000000      0.750000000000
    38      0.168417271282      0.788511715439
    39      0.224647694815      0.720964332272
    40      0.376120637114      0.748035648791
    41      0.524031788648      0.711298755942
    42      0.600416853297      0.713236964003
    43      0.784558475858      0.081400225735
    44      0.750000000000      0.000000000000
    45      0.791013613406      0.262695416397
    46      0.735070641015      0.366133396620
    47      0.793532488272      0.513858968600
    48      0.792771945913      0.660655696275
    49      0.758770036040      0.776357503292
    50      0.000000000000      0.875000000000
    51      0.111687593972      0.903153724509
    52      0.227584553497      0.918558320355
    53      0.351609750134      0.898915216718
    54      0.472653864943      0.850361976751
    55      0.575132078007      0.896925028466
    56      0.789300737164      0.894351261560
    57      0.870349750725      0.152331895085
    58      0.875000000000      0.000000000000
    59      0.856560553885      0.231838366683
    60      0.924401687507      0.376043095721
    61      0.923389288355      0.527306647643
    62      0.921454789108      0.632281552604
    63      0.891626523905      0.795385033508
    64      0.897615817637      0.842157230440
    65      0.000000000000      1.000000000000
    66      0.125000000000      1.000000000000
    67      0.250000000000      1.000000000000
    68      0.375000000000      1.000000000000
    69      0.500000000000      1.000000000000
    70      0.625000000000      1.000000000000
    71      0.750000000000      1.000000000000
    72      0.875000000000      1.000000000000
    73      1.000000000000      0.125000000000
    74      1.000000000000      0.000000000000
    75      1.000000000000      0.250000000000
    76      1.000000000000      0.375000000000
    77      1.000000000000      0.500000000000
    78      1.000000000000      0.625000000000
    79      1.000000000000      0.750000000000
    80      1.000000000000      0.875000000000
    81      1.000000000000      1.000000000000
     1     4     3     2     1
     2     3     6     5     2
     3     8     7     3     4
     4     7     9     6     3
     5     6    11    10     5
     6     9    12    11     6
     7    14    13     7     8
     8    13    15     9     7
     9    15    16    12     9
    10    11    18    17    10
    11    12    19    18    11
    12    16    20    19    12
    13    22    21    13    14
    14    21    23    15    13
    15    23    24    16    15
    16    24    25    20    16
    17    18    27    26    17
    18    19    28    27    18
    19    20    29    28    19
    20    25    30    29    20
    21    32    31    21    22
    22    31    33    23    21
    23    33    34    24    23
    24    34    35    25    24
    25    35    36    30    25
    26    27    38    37    26
    27    28    39    38    27
    28    29    40    39    28
    29    30    41    40    29
    30    36    42    41    30
    31    44    43    31    32
    32    43    45    33    31
    33    45    46    34    33
    34    46    47    35    34
    35    47    48    36    35
    36    48    49    42    36
    37    38    51    50    37
    38    39    52    51    38
    39    40    53    52    39
    40    41    54    53    40
    41    42    55    54    41
    42    49    56    55    42
    43    58    57    43    44
    44    57    59    45    43
    45    59    60    46    45
    46    60    61    47    46
    47    61    62    48    47
    48    62    63    49    48
    49    63    64    56    49
    50    51    66    65    50
    51    52    67    66    51
    52    53    68    67    52
    53    54    69    68    53
    54    55    70    69    54
    55    56    71    70    55
    56    64    72    71    56
    57    74    73    57    58
    58    73    75    59    57
    59    75    76    60    59
    60    76    77    61    60
    61    77    78    62    61
    62    78    79    63    62
    63    79    80    64    63
    64    80    81    72    64
