    239             194             2               4
    1              15               0
    2      14.1176471               0
    3              15     0.909090909
    4      14.0511786     0.926441072
    5      13.2352941               0
    6              15      1.81818182
    7      13.1059112     0.936917207
    8      13.9811563      1.85975617
    9      12.3529412               0
   10              15      2.72727273
   11      12.9406874      1.89904768
   12      12.1634086     0.922611106
   13      13.9087408      2.80294753
   14      11.4705882               0
   15      11.9035427      1.87058887
   16      12.7681906      2.86941089
   17              15      3.63636364
   18      11.2799706     0.859061501
   19      13.8798008      3.71991408
   20      11.0299742       1.7061457
   21      10.5882353               0
   22      12.7568991      3.81446378
   23              15      4.54545455
   24      11.4801005      2.95455099
   25      10.4559115     0.807489201
   26      13.8826988      4.62256989
   27      10.2796775      1.57376199
   28      10.6454372      2.49729358
   29      11.6165012      3.94748616
   30      12.7631037      4.72104398
   31      9.70588235               0
   32      9.66802434     0.785949407
   33              15      5.45454545
   34      10.0037501      2.23311876
   35      9.58830872      1.48359633
   36      13.9209658      5.50927781
   37      10.4853874       3.5141444
   38      10.0581377      3.07383054
   39       9.4584343      2.05588229
   40      11.5982791      4.87313157
   41      12.8492149      5.56875433
   42      10.6654032      4.14254196
   43      9.60035877       2.7376361
   44      8.88043456     0.794551102
   45      8.82352941               0
   46       8.9470987      1.51879164
   47      9.03922869       1.9344613
   48      9.15530817      2.49111741
   49              15      6.36363636
   50      10.6936106      4.75812893
   51      11.8519403      5.64939774
   52      13.9519495      6.39124156
   53      9.49504307      3.49341341
   54      9.73790823      3.88565411
   55      11.0662398      5.28960102
   56      9.18423911       3.1524777
   57      8.71215308      2.22870997
   58      9.90456411      4.31584252
   59      12.9161297      6.41600495
   60       8.8160804      2.87445716
   61      10.5424365      5.24889035
   62      9.98933544       4.7693291
   63      11.0957078      5.76294716
   64      8.08308578      0.87346336
   65      8.23498753      1.79419986
   66      7.94117647               0
   67      8.40310416      2.66881943
   68      11.9286941       6.4358851
   69      9.98933544       5.2306709
   70              15      7.27272727
   71      10.4657543      5.73440509
   72      13.9823694      7.28278182
   73      7.95937379      2.54256725
   74      11.0340129       6.4120447
   75      12.9665695      7.29085718
   76      9.90456411      5.68415747
   77      7.43444855      1.73829163
   78      7.25777488     0.880102689
   79      10.3203088      6.24162537
   80             7.5             2.5
   81      11.9531123      7.30294382
   82      7.05882353               0
   83      9.73790823      6.11434589
   84              15      8.18181818
   85      14.0208549      8.18618991
   86       7.0406262      2.54256725
   87      10.8431699      7.28166615
   88       10.064497      6.79710386
   89      13.0394632      8.19111319
   90      6.73764317      1.76885553
   91      9.49504307      6.50658659
   92      6.44622075     0.899132015
   93      12.0740156      8.20336686
   94      6.59689583      2.66881943
   95      6.17647059               0
   96      9.18423911      6.84752229
   97      9.61220981      7.20669748
   98              15      9.09090909
   99      11.1283074      8.23720984
  100      10.0541339      7.68058301
  101      14.0681697      9.09690698
  102      6.00759196      1.87254519
  103      6.18391959      2.87445716
  104      13.1303093      9.10188918
  105      5.61299436     0.947569841
  106      8.81608041      7.12554284
  107      9.14596914      7.50158076
  108      12.2140525       9.1036006
  109      10.3104156      8.38579421
  110      9.45505555      7.93440309
  111      5.29411765               0
  112      5.81576089      3.15247771
  113      11.3146502      9.12337846
  114      8.40310417      7.33118057
  115              15              10
  116      8.69744277      7.76983264
  117      9.02915052      8.05633244
  118      14.1176471              10
  119      9.59096858      8.49911616
  120      5.50495693      3.49341341
  121      5.08283449      2.10493594
  122      13.2352941              10
  123      10.4691877       9.1801696
  124       7.9593738      7.45743275
  125      12.3529412              10
  126      4.68628773      1.00608776
  127      8.93243717      8.47788867
  128      4.95893531      2.82615082
  129      5.26209177      3.88565411
  130      4.41176471               0
  131      11.4705882              10
  132             7.5             7.5
  133      9.66344995      9.21150575
  134      8.21808821      8.20593586
  135       4.8707872      3.28658484
  136      5.09543589      4.31584253
  137      7.04062621      7.45743275
  138      10.5882353              10
  139      4.67920667      3.72733153
  140      8.87254237       9.2021567
  141      5.01066456      4.76932911
  142      4.33442199      3.17724324
  143      6.59689584      7.33118057
  144       7.4356781       8.2349192
  145      5.01066456       5.2306709
  146      4.07217126       2.7922988
  147      4.51567853      4.21463847
  148      9.70588235              10
  149      6.18391959      7.12554284
  150      3.62288591     0.954207007
  151      5.09543589      5.68415748
  152      8.07075295      9.11923239
  153      5.81576089      6.84752229
  154      3.52941176               0
  155      4.06826919      3.52244872
  156      5.26209177      6.11434589
  157      5.50495693      6.50658659
  158      4.43249448      4.74934112
  159      3.58205571       1.9843783
  160      6.76672996      8.16786277
  161      8.82352941              10
  162      4.44971778      5.30583173
  163      3.85084988      4.07215513
  164      6.16176959       7.9648223
  165      7.25093407      9.08904647
  166       4.5422771      5.83916579
  167      5.71982671       7.5787124
  168      5.37697079      7.18054625
  169      3.41327205      3.18142284
  170       4.7501752      6.34660731
  171       5.0315074      6.79558881
  172      3.75391705      4.70756517
  173      7.94117647              10
  174      2.71414647     0.818836173
  175      2.75000061      1.48534402
  176      2.64705882               0
  177      6.42884596      9.01427685
  178      3.77823468      5.36728024
  179      3.08799438      3.87603515
  180      4.87044504      7.53783112
  181      3.87377951      6.02006663
  182      4.49392667      7.14861508
  183      5.15664686      8.04393822
  184      7.05882353              10
  185      4.08353896      6.66926326
  186      2.45655921      2.63055821
  187      2.95115122      4.63277503
  188      5.51133272      8.81241301
  189      2.00462894      1.66062618
  190      4.43201741      7.81134212
  191      1.83664054     0.835793661
  192      2.93935547      5.41581531
  193      1.76470588               0
  194      6.17647059              10
  195      2.15400517      3.65778646
  196      3.96435438       7.6120684
  197      4.45681529      8.29620129
  198      3.00815381      6.23318589
  199      2.03071416      4.56551313
  200      3.19667043      7.18647526
  201      4.50564783      9.05127024
  202      5.29411765              10
  203      3.73480303      8.30184113
  204      1.99683086      5.43493109
  205      1.01146144      1.74453933
  206     0.928106467     0.866675277
  207     0.882352941               0
  208      1.12883418      2.66857728
  209      1.07592718      3.62482183
  210      2.00842706      6.31333816
  211      4.41176471              10
  212      3.62343069      9.11661884
  213      2.89017423      8.19455045
  214       1.0275185      4.54494046
  215      2.03269326      7.23538277
  216               0               0
  217      1.00343264      5.44397235
  218               0     0.909090909
  219               0      1.81818182
  220      3.52941176              10
  221               0      2.72727273
  222       2.7430581      9.10255639
  223     0.996030319      6.34985291
  224      1.92071625      8.18156468
  225               0      3.63636364
  226               0      4.54545455
  227     0.990576547       7.2631048
  228      2.64705882              10
  229               0      5.45454545
  230      1.83560125      9.09503097
  231     0.956304387      8.18062262
  232               0      6.36363636
  233      1.76470588              10
  234               0      7.27272727
  235     0.913924748      9.09600282
  236               0      8.18181818
  237     0.882352941              10
  238               0      9.09090909
  239               0              10
  1 216 207 206 218
2 207 193 191 206
3 193 176 174 191
4 176 154 150 174
5 154 130 126 150
6 130 111 105 126
7 111 95 92 105
8 95 82 78 92
9 82 66 64 78
10 66 45 44 64
11 45 31 32 44
12 31 21 25 32
13 21 14 18 25
14 14 9 12 18
15 9 5 7 12
16 5 2 4 7
17 2 1 3 4
18 237 239 238 235
19 233 237 235 230
20 228 233 230 222
21 220 228 222 212
22 211 220 212 201
23 202 211 201 188
24 194 202 188 177
25 184 194 177 165
26 173 184 165 152
27 161 173 152 140
28 148 161 140 133
29 138 148 133 123
30 131 138 123 113
31 125 131 113 108
32 122 125 108 104
33 118 122 104 101
34 115 118 101 98
35 84 98 101 85
36 70 84 85 72
37 49 70 72 52
38 33 49 52 36
39 23 33 36 26
40 17 23 26 19
41 10 17 19 13
42 6 10 13 8
43 3 6 8 4
44 219 218 206 205
45 221 219 205 208
46 225 221 208 209
47 226 225 209 214
48 229 226 214 217
49 232 229 217 223
50 234 232 223 227
51 236 234 227 231
52 238 236 231 235
53 96 91 88 97
54 91 83 79 88
55 83 76 71 79
56 76 69 61 71
57 69 62 50 61
58 62 58 42 50
59 58 54 37 42
60 106 96 97 107
61 114 106 107 116
62 124 114 116 134
63 54 53 38 37
64 53 56 43 38
65 56 60 48 43
66 60 67 57 48
67 67 73 65 57
68 73 80 77 65
69 80 86 90 77
70 86 94 102 90
71 94 103 121 102
72 103 112 128 121
73 112 120 135 128
74 120 129 139 135
75 129 136 147 139
76 136 141 158 147
77 141 145 162 158
78 145 151 166 162
79 151 156 170 166
80 156 157 171 170
81 157 153 168 171
82 153 149 167 168
83 149 143 164 167
84 143 137 160 164
85 137 132 144 160
86 132 124 134 144
87 101 104 89 85
88 7 4 8 11
89 104 108 93 89
90 12 7 11 15
91 108 113 99 93
92 113 123 109 99
93 123 133 119 109
94 18 12 15 20
95 25 18 20 27
96 32 25 27 35
97 235 231 224 230
98 44 32 35 46
99 133 140 127 119
100 64 44 46 65
101 64 65 77 78
102 78 77 90 92
103 92 90 102 105
104 105 102 121 126
105 8 13 16 11
106 140 152 134 127
107 134 152 165 144
108 144 165 177 160
109 164 160 177 188
110 167 164 188 183
111 168 167 183 180
112 171 168 180 182
113 134 116 117 127
114 170 171 182 185
115 116 107 110 117
116 166 170 185 181
117 127 117 110 119
118 162 166 181 178
119 158 162 178 172
120 147 158 172 163
121 139 147 163 155
122 135 139 155 142
123 128 135 142 146
124 107 97 100 110
125 119 110 100 109
126 97 88 87 100
127 109 100 87 99
128 231 227 215 224
129 227 223 210 215
130 223 217 204 210
131 217 214 199 204
132 214 209 195 199
133 209 208 186 195
134 208 205 189 186
135 205 206 191 189
136 13 19 22 16
137 188 201 197 183
138 201 212 203 197
139 212 222 213 203
140 222 230 224 213
141 19 26 30 22
142 72 85 89 75
143 52 72 75 59
144 36 52 59 41
145 26 36 41 30
146 191 174 175 189
147 174 150 159 175
148 150 126 121 159
149 121 128 146 159
150 79 71 63 74
151 88 79 74 87
152 71 61 55 63
153 61 50 40 55
154 50 42 29 40
155 42 37 24 29
156 37 38 28 24
157 38 43 34 28
158 43 48 39 34
159 48 57 47 39
160 47 46 35 39
161 39 35 27 34
162 46 47 57 65
163 34 27 20 28
164 87 74 68 81
165 99 87 81 93
166 89 93 81 75
167 75 81 68 59
168 74 63 51 68
169 59 68 51 41
170 63 55 40 51
171 41 51 40 30
172 180 183 197 190
173 182 180 190 196
174 203 196 190 197
175 40 29 22 30
176 28 20 15 24
177 15 11 16 24
178 24 16 22 29
179 185 182 196 200
180 181 185 200 198
181 178 181 198 192
182 172 178 192 187
183 163 172 187 179
184 155 163 179 169
185 142 155 169 146
186 224 215 200 213
187 203 213 200 196
188 215 210 198 200
189 198 210 204 192
190 192 204 199 187
191 187 199 195 179
192 179 195 186 169
193 146 169 186 159
194 186 189 175 159