     9     4     2     4
     1      0.000000000000      0.000000000000
     2      0.000000000000      0.500000000000
     3      0.691948791703      0.691858285041
     4      0.500000000000      0.000000000000
     5      0.000000000000      1.000000000000
     6      0.500000000000      1.000000000000
     7      1.000000000000      1.000000000000
     8      1.000000000000      0.500000000000
     9      1.000000000000      0.000000000000
     1     4     3     2     1
     2     3     6     5     2
     3     8     7     6     3
     4     9     8     3     4