   289   256     2     4
     1      0.000000000000      0.000000000000
     2      0.000000000000      0.062500000000
     3      0.042331817344      0.086051774270
     4      0.062500000000      0.000000000000
     5      0.000000000000      0.125000000000
     6      0.084343037130      0.139351838719
     7      0.128412929417      0.069003851084
     8      0.125000000000      0.000000000000
     9      0.129862419728      0.128384307856
    10      0.000000000000      0.187500000000
    11      0.075617425126      0.199856798644
    12      0.109280793430      0.179333042511
    13      0.188338500281      0.081667718830
    14      0.187500000000      0.000000000000
    15      0.205947545026      0.139800728443
    16      0.192505918477      0.202739191439
    17      0.000000000000      0.250000000000
    18      0.043958815020      0.245125256542
    19      0.114668532211      0.273259582145
    20      0.186343968684      0.245718797175
    21      0.231479121612      0.054026178531
    22      0.250000000000      0.000000000000
    23      0.234053602214      0.142901268510
    24      0.258600778891      0.201914199201
    25      0.241289242014      0.251920487159
    26      0.000000000000      0.312500000000
    27      0.064800695252      0.324486030356
    28      0.111527828045      0.309739730341
    29      0.196838123459      0.330020492913
    30      0.227454130074      0.312226742989
    31      0.316129926754      0.084907876741
    32      0.312500000000      0.000000000000
    33      0.305648451498      0.106652229173
    34      0.315436033010      0.174388487719
    35      0.333864017720      0.231386173355
    36      0.300493824774      0.314206019947
    37      0.000000000000      0.375000000000
    38      0.046256295240      0.373428749919
    39      0.143992109688      0.399134390149
    40      0.176481638220      0.384111058080
    41      0.267473800067      0.393545035903
    42      0.327835800765      0.374810528272
    43      0.359456257617      0.051883110531
    44      0.375000000000      0.000000000000
    45      0.362686382996      0.148060950621
    46      0.388927306402      0.200313073785
    47      0.390539227055      0.272517674526
    48      0.374897647387      0.321063332452
    49      0.395786157581      0.359302730506
    50      0.000000000000      0.437500000000
    51      0.044291229461      0.415410391225
    52      0.142915839801      0.414703311121
    53      0.163432324242      0.426477941566
    54      0.261416398973      0.421023481041
    55      0.328332893462      0.446355027988
    56      0.355811022486      0.457620896416
    57      0.436927819040      0.055099366083
    58      0.437500000000      0.000000000000
    59      0.451194549944      0.139650111787
    60      0.426764336773      0.185921621452
    61      0.453719835477      0.259367060345
    62      0.421153054120      0.321653926437
    63      0.455682173173      0.371071794293
    64      0.458802738049      0.445467126306
    65      0.000000000000      0.500000000000
    66      0.040017624702      0.501257300438
    67      0.127422473598      0.484564072491
    68      0.162975894936      0.500595300487
    69      0.266418183377      0.512416513140
    70      0.332927220183      0.495991345833
    71      0.385264837198      0.511873970974
    72      0.424666515673      0.509323386695
    73      0.504461579542      0.085286300627
    74      0.500000000000      0.000000000000
    75      0.519775100623      0.117115043127
    76      0.505311310259      0.181851678600
    77      0.514618916241      0.226308795268
    78      0.516808376362      0.319177320256
    79      0.503007054527      0.378262552952
    80      0.475034755199      0.430775570642
    81      0.487563756505      0.496072934943
    82      0.000000000000      0.562500000000
    83      0.059032643479      0.553221938803
    84      0.143761651964      0.548783084567
    85      0.165882047438      0.543296844204
    86      0.241995339500      0.544198305284
    87      0.296353103330      0.584826172183
    88      0.362301760040      0.562121648563
    89      0.448890974514      0.574910681347
    90      0.489410244444      0.553046757977
    91      0.549367083475      0.037885264238
    92      0.562500000000      0.000000000000
    93      0.548536514076      0.117878666964
    94      0.578377335235      0.194941453553
    95      0.556411452768      0.267298861430
    96      0.570775760963      0.292567660601
    97      0.584290664425      0.379415091716
    98      0.558824055884      0.441619109430
    99      0.567758001756      0.501090188038
   100      0.585979221380      0.560229991494
   101      0.000000000000      0.625000000000
   102      0.070722378938      0.609115347883
   103      0.115737754152      0.627969606440
   104      0.206785791907      0.631323724470
   105      0.239777236503      0.601506499864
   106      0.302268304008      0.632113652864
   107      0.395354103341      0.641908056586
   108      0.437144229372      0.619756800830
   109      0.485356982532      0.621867110153
   110      0.538790962413      0.604244138904
   111      0.608510446843      0.066568873701
   112      0.625000000000      0.000000000000
   113      0.648071980526      0.110345353855
   114      0.639182871700      0.167230501612
   115      0.633662823037      0.234397609972
   116      0.642036113322      0.320891828837
   117      0.621042714022      0.386621045275
   118      0.635186867480      0.444050522445
   119      0.624064330967      0.498410307749
   120      0.641028799147      0.553218116551
   121      0.621869510213      0.632073333116
   122      0.000000000000      0.687500000000
   123      0.037944861699      0.695686333463
   124      0.149801555972      0.668743852221
   125      0.176260053013      0.696201358760
   126      0.226675820489      0.696515563911
   127      0.295104997814      0.709006007203
   128      0.373979807721      0.703940984557
   129      0.456942117056      0.671405017733
   130      0.489170955422      0.709962031362
   131      0.576706351374      0.672481142447
   132      0.608519625043      0.673384033089
   133      0.699064677493      0.037926096863
   134      0.687500000000      0.000000000000
   135      0.666592046312      0.113723541137
   136      0.705145437262      0.191822422537
   137      0.696827608009      0.244827642374
   138      0.710405530943      0.296820138692
   139      0.711752780226      0.369640819933
   140      0.689236130927      0.420229691991
   141      0.707799022486      0.516615222718
   142      0.686332431020      0.544987603710
   143      0.706983562588      0.633977297585
   144      0.663692487982      0.700004499174
   145      0.000000000000      0.750000000000
   146      0.074532010231      0.732112324906
   147      0.119551010262      0.726532780212
   148      0.182181423047      0.765434775637
   149      0.255092417331      0.727357297765
   150      0.288694273659      0.758309073905
   151      0.369383549145      0.747801621779
   152      0.415337306378      0.765149818964
   153      0.509478528175      0.742921945291
   154      0.563519545307      0.726266702255
   155      0.603804322946      0.735929407815
   156      0.682812987282      0.760545745002
   157      0.746510643715      0.064946039314
   158      0.750000000000      0.000000000000
   159      0.735919558725      0.136941782790
   160      0.729054432937      0.167661506621
   161      0.748383583608      0.273571660714
   162      0.761433585826      0.324435630377
   163      0.755699191811      0.350692878841
   164      0.770029887231      0.446456083303
   165      0.737638968113      0.499275136552
   166      0.736004765886      0.539235917523
   167      0.736790249624      0.605721981026
   168      0.765506475492      0.666331255532
   169      0.760120452598      0.755391233916
   170      0.000000000000      0.812500000000
   171      0.073050561502      0.794600572177
   172      0.133054011978      0.814008659913
   173      0.184478871690      0.834015066911
   174      0.253139680010      0.818345138515
   175      0.337015566170      0.821994595881
   176      0.397865770578      0.799221293334
   177      0.429340913297      0.797842192996
   178      0.482772789871      0.789368313296
   179      0.558353955994      0.820668248299
   180      0.627723850803      0.812862728531
   181      0.663987605940      0.811790022466
   182      0.768335313585      0.830584750436
   183      0.832220712171      0.085775745222
   184      0.812500000000      0.000000000000
   185      0.797964350161      0.112333972405
   186      0.823579856600      0.196313373050
   187      0.822485805175      0.262965272237
   188      0.810537361560      0.316809490702
   189      0.796029652332      0.391121963353
   190      0.827218572432      0.458841757270
   191      0.831924981950      0.506878343897
   192      0.794625725878      0.538446893374
   193      0.834483579814      0.609217031558
   194      0.787513042759      0.663837035460
   195      0.809440250802      0.771749933551
   196      0.788058388487      0.811723367917
   197      0.000000000000      0.875000000000
   198      0.072849210132      0.872841767005
   199      0.134708218260      0.874710463046
   200      0.175756041952      0.871285697625
   201      0.241328680902      0.894588607757
   202      0.292161696851      0.893714255997
   203      0.352079967626      0.881657518476
   204      0.450464007562      0.864613965640
   205      0.491243724675      0.864583917019
   206      0.563591090619      0.862275002184
   207      0.647594394109      0.885217396011
   208      0.695948920847      0.888730593646
   209      0.748656081046      0.891132678058
   210      0.819968607976      0.890309482287
   211      0.883281795713      0.050188547674
   212      0.875000000000      0.000000000000
   213      0.890244483689      0.131485436123
   214      0.875139252276      0.174075078359
   215      0.871701485691      0.244053838078
   216      0.885451679176      0.310160082020
   217      0.877763199294      0.375027977905
   218      0.862750189476      0.439528577259
   219      0.853760028418      0.492257257932
   220      0.879455118996      0.552071501402
   221      0.883712103529      0.635176429514
   222      0.879400670633      0.709203920727
   223      0.876685112863      0.754708737865
   224      0.873630818560      0.817154538637
   225      0.866190559793      0.886936551693
   226      0.000000000000      0.937500000000
   227      0.075744890026      0.935163518780
   228      0.149823133754      0.937968778226
   229      0.175750914257      0.958935541765
   230      0.264603350066      0.935039390332
   231      0.294230463025      0.944371743403
   232      0.351776807421      0.935468192891
   233      0.435197324446      0.940188722971
   234      0.503148853243      0.914561632946
   235      0.549044139766      0.952610108945
   236      0.607238121237      0.946075581746
   237      0.696354791460      0.922516379740
   238      0.742703525534      0.913229318675
   239      0.813023615349      0.950658301255
   240      0.884735332607      0.940875587993
   241      0.942264647417      0.070210690040
   242      0.937500000000      0.000000000000
   243      0.951319962764      0.136716510037
   244      0.946760137180      0.206866328973
   245      0.928474682024      0.258295450524
   246      0.954107144117      0.293533730072
   247      0.945541078108      0.385686779592
   248      0.941853411029      0.434861358994
   249      0.913453921498      0.507049117639
   250      0.954347501544      0.569944806431
   251      0.918199893232      0.633918769725
   252      0.954521022348      0.665441381953
   253      0.929374836293      0.736197663180
   254      0.933971781474      0.795899078825
   255      0.952188933517      0.896426470336
   256      0.919578374062      0.938261549538
   257      0.000000000000      1.000000000000
   258      0.062500000000      1.000000000000
   259      0.125000000000      1.000000000000
   260      0.187500000000      1.000000000000
   261      0.250000000000      1.000000000000
   262      0.312500000000      1.000000000000
   263      0.375000000000      1.000000000000
   264      0.437500000000      1.000000000000
   265      0.500000000000      1.000000000000
   266      0.562500000000      1.000000000000
   267      0.625000000000      1.000000000000
   268      0.687500000000      1.000000000000
   269      0.750000000000      1.000000000000
   270      0.812500000000      1.000000000000
   271      0.875000000000      1.000000000000
   272      0.937500000000      1.000000000000
   273      1.000000000000      0.062500000000
   274      1.000000000000      0.000000000000
   275      1.000000000000      0.125000000000
   276      1.000000000000      0.187500000000
   277      1.000000000000      0.250000000000
   278      1.000000000000      0.312500000000
   279      1.000000000000      0.375000000000
   280      1.000000000000      0.437500000000
   281      1.000000000000      0.500000000000
   282      1.000000000000      0.562500000000
   283      1.000000000000      0.625000000000
   284      1.000000000000      0.687500000000
   285      1.000000000000      0.750000000000
   286      1.000000000000      0.812500000000
   287      1.000000000000      0.875000000000
   288      1.000000000000      0.937500000000
   289      1.000000000000      1.000000000000
     1     4     3     2     1
     2     3     6     5     2
     3     8     7     3     4
     4     7     9     6     3
     5     6    11    10     5
     6     9    12    11     6
     7    14    13     7     8
     8    13    15     9     7
     9    15    16    12     9
    10    11    18    17    10
    11    12    19    18    11
    12    16    20    19    12
    13    22    21    13    14
    14    21    23    15    13
    15    23    24    16    15
    16    24    25    20    16
    17    18    27    26    17
    18    19    28    27    18
    19    20    29    28    19
    20    25    30    29    20
    21    32    31    21    22
    22    31    33    23    21
    23    33    34    24    23
    24    34    35    25    24
    25    35    36    30    25
    26    27    38    37    26
    27    28    39    38    27
    28    29    40    39    28
    29    30    41    40    29
    30    36    42    41    30
    31    44    43    31    32
    32    43    45    33    31
    33    45    46    34    33
    34    46    47    35    34
    35    47    48    36    35
    36    48    49    42    36
    37    38    51    50    37
    38    39    52    51    38
    39    40    53    52    39
    40    41    54    53    40
    41    42    55    54    41
    42    49    56    55    42
    43    58    57    43    44
    44    57    59    45    43
    45    59    60    46    45
    46    60    61    47    46
    47    61    62    48    47
    48    62    63    49    48
    49    63    64    56    49
    50    51    66    65    50
    51    52    67    66    51
    52    53    68    67    52
    53    54    69    68    53
    54    55    70    69    54
    55    56    71    70    55
    56    64    72    71    56
    57    74    73    57    58
    58    73    75    59    57
    59    75    76    60    59
    60    76    77    61    60
    61    77    78    62    61
    62    78    79    63    62
    63    79    80    64    63
    64    80    81    72    64
    65    66    83    82    65
    66    67    84    83    66
    67    68    85    84    67
    68    69    86    85    68
    69    70    87    86    69
    70    71    88    87    70
    71    72    89    88    71
    72    81    90    89    72
    73    92    91    73    74
    74    91    93    75    73
    75    93    94    76    75
    76    94    95    77    76
    77    95    96    78    77
    78    96    97    79    78
    79    97    98    80    79
    80    98    99    81    80
    81    99   100    90    81
    82    83   102   101    82
    83    84   103   102    83
    84    85   104   103    84
    85    86   105   104    85
    86    87   106   105    86
    87    88   107   106    87
    88    89   108   107    88
    89    90   109   108    89
    90   100   110   109    90
    91   112   111    91    92
    92   111   113    93    91
    93   113   114    94    93
    94   114   115    95    94
    95   115   116    96    95
    96   116   117    97    96
    97   117   118    98    97
    98   118   119    99    98
    99   119   120   100    99
   100   120   121   110   100
   101   102   123   122   101
   102   103   124   123   102
   103   104   125   124   103
   104   105   126   125   104
   105   106   127   126   105
   106   107   128   127   106
   107   108   129   128   107
   108   109   130   129   108
   109   110   131   130   109
   110   121   132   131   110
   111   134   133   111   112
   112   133   135   113   111
   113   135   136   114   113
   114   136   137   115   114
   115   137   138   116   115
   116   138   139   117   116
   117   139   140   118   117
   118   140   141   119   118
   119   141   142   120   119
   120   142   143   121   120
   121   143   144   132   121
   122   123   146   145   122
   123   124   147   146   123
   124   125   148   147   124
   125   126   149   148   125
   126   127   150   149   126
   127   128   151   150   127
   128   129   152   151   128
   129   130   153   152   129
   130   131   154   153   130
   131   132   155   154   131
   132   144   156   155   132
   133   158   157   133   134
   134   157   159   135   133
   135   159   160   136   135
   136   160   161   137   136
   137   161   162   138   137
   138   162   163   139   138
   139   163   164   140   139
   140   164   165   141   140
   141   165   166   142   141
   142   166   167   143   142
   143   167   168   144   143
   144   168   169   156   144
   145   146   171   170   145
   146   147   172   171   146
   147   148   173   172   147
   148   149   174   173   148
   149   150   175   174   149
   150   151   176   175   150
   151   152   177   176   151
   152   153   178   177   152
   153   154   179   178   153
   154   155   180   179   154
   155   156   181   180   155
   156   169   182   181   156
   157   184   183   157   158
   158   183   185   159   157
   159   185   186   160   159
   160   186   187   161   160
   161   187   188   162   161
   162   188   189   163   162
   163   189   190   164   163
   164   190   191   165   164
   165   191   192   166   165
   166   192   193   167   166
   167   193   194   168   167
   168   194   195   169   168
   169   195   196   182   169
   170   171   198   197   170
   171   172   199   198   171
   172   173   200   199   172
   173   174   201   200   173
   174   175   202   201   174
   175   176   203   202   175
   176   177   204   203   176
   177   178   205   204   177
   178   179   206   205   178
   179   180   207   206   179
   180   181   208   207   180
   181   182   209   208   181
   182   196   210   209   182
   183   212   211   183   184
   184   211   213   185   183
   185   213   214   186   185
   186   214   215   187   186
   187   215   216   188   187
   188   216   217   189   188
   189   217   218   190   189
   190   218   219   191   190
   191   219   220   192   191
   192   220   221   193   192
   193   221   222   194   193
   194   222   223   195   194
   195   223   224   196   195
   196   224   225   210   196
   197   198   227   226   197
   198   199   228   227   198
   199   200   229   228   199
   200   201   230   229   200
   201   202   231   230   201
   202   203   232   231   202
   203   204   233   232   203
   204   205   234   233   204
   205   206   235   234   205
   206   207   236   235   206
   207   208   237   236   207
   208   209   238   237   208
   209   210   239   238   209
   210   225   240   239   210
   211   242   241   211   212
   212   241   243   213   211
   213   243   244   214   213
   214   244   245   215   214
   215   245   246   216   215
   216   246   247   217   216
   217   247   248   218   217
   218   248   249   219   218
   219   249   250   220   219
   220   250   251   221   220
   221   251   252   222   221
   222   252   253   223   222
   223   253   254   224   223
   224   254   255   225   224
   225   255   256   240   225
   226   227   258   257   226
   227   228   259   258   227
   228   229   260   259   228
   229   230   261   260   229
   230   231   262   261   230
   231   232   263   262   231
   232   233   264   263   232
   233   234   265   264   233
   234   235   266   265   234
   235   236   267   266   235
   236   237   268   267   236
   237   238   269   268   237
   238   239   270   269   238
   239   240   271   270   239
   240   256   272   271   240
   241   274   273   241   242
   242   273   275   243   241
   243   275   276   244   243
   244   276   277   245   244
   245   277   278   246   245
   246   278   279   247   246
   247   279   280   248   247
   248   280   281   249   248
   249   281   282   250   249
   250   282   283   251   250
   251   283   284   252   251
   252   284   285   253   252
   253   285   286   254   253
   254   286   287   255   254
   255   287   288   256   255
   256   288   289   272   256
