     9     8     2     3
     1      0.000000000000      0.000000000000
     2      0.000000000000      0.500000000000
     3      0.000000000000      1.000000000000
     4      0.500000000000      1.000000000000
     5      1.000000000000      1.000000000000
     6      1.000000000000      0.500000000000
     7      1.000000000000      0.000000000000
     8      0.500000000000      0.000000000000
     9      0.202621105239      0.800503428721
     1     7     9     8
     2     5     4     9
     3     1     8     9
     4     9     3     2
     5     9     4     3
     6     9     2     1
     7     9     6     5
     8     7     6     9
