    81   128     2     3
     1      0.000000000000      0.000000000000
     2      0.000000000000      0.125000000000
     3      0.000000000000      0.250000000000
     4      0.000000000000      0.375000000000
     5      0.000000000000      0.500000000000
     6      0.000000000000      0.625000000000
     7      0.000000000000      0.750000000000
     8      0.000000000000      0.875000000000
     9      0.000000000000      1.000000000000
    10      0.125000000000      1.000000000000
    11      0.250000000000      1.000000000000
    12      0.375000000000      1.000000000000
    13      0.500000000000      1.000000000000
    14      0.625000000000      1.000000000000
    15      0.750000000000      1.000000000000
    16      0.875000000000      1.000000000000
    17      1.000000000000      1.000000000000
    18      1.000000000000      0.875000000000
    19      1.000000000000      0.750000000000
    20      1.000000000000      0.625000000000
    21      1.000000000000      0.500000000000
    22      1.000000000000      0.375000000000
    23      1.000000000000      0.250000000000
    24      1.000000000000      0.125000000000
    25      1.000000000000      0.000000000000
    26      0.875000000000      0.000000000000
    27      0.750000000000      0.000000000000
    28      0.625000000000      0.000000000000
    29      0.500000000000      0.000000000000
    30      0.375000000000      0.000000000000
    31      0.250000000000      0.000000000000
    32      0.125000000000      0.000000000000
    33      0.162784042412      0.155708710951
    34      0.154735570247      0.266200792444
    35      0.202060918137      0.444260086120
    36      0.164770837392      0.571248188930
    37      0.144276813722      0.705261862829
    38      0.158016318867      0.790733780338
    39      0.183754961704      0.893357680492
    40      0.292587713216      0.139891847072
    41      0.311497121404      0.293176880039
    42      0.332496371189      0.438048758744
    43      0.330083769048      0.528845081221
    44      0.294561000371      0.663408054883
    45      0.330316420411      0.803270889763
    46      0.259634289950      0.951443470090
    47      0.378364042759      0.137541066147
    48      0.399875823985      0.309149695530
    49      0.423176393593      0.422971980513
    50      0.419196393953      0.536057604359
    51      0.450087590519      0.698673814684
    52      0.420042794830      0.782751239014
    53      0.410998969842      0.889915181656
    54      0.544997228337      0.177552777744
    55      0.559229500643      0.301861646353
    56      0.501334130734      0.402273037737
    57      0.566725553622      0.566895923114
    58      0.511870787448      0.708284831924
    59      0.539876980921      0.831752288257
    60      0.521443328113      0.885626793781
    61      0.655702177222      0.144297881984
    62      0.680109786913      0.251932083021
    63      0.639117852994      0.425603169407
    64      0.648226382350      0.509228490754
    65      0.641526086589      0.658962562702
    66      0.641376982356      0.823794088470
    67      0.652748456580      0.921189550674
    68      0.823347875734      0.155736643761
    69      0.789248819813      0.267352496296
    70      0.783659657919      0.411740816615
    71      0.764942094638      0.579689150950
    72      0.830880554208      0.635472297583
    73      0.784954719942      0.790230345614
    74      0.823937168799      0.949971246407
    75      0.926273840538      0.128612621741
    76      0.906381916073      0.307633088337
    77      0.948100278929      0.456583922041
    78      0.940465788572      0.523667077840
    79      0.914341441571      0.636743626295
    80      0.946494721782      0.810769951581
    81      0.968664711791      0.969582246672
     1    78    79    72
     2    43    37    36
     3    23    77    76
     4    24    23    76
     5    33    34     3
     6    77    71    70
     7    81    16    15
     8    79    80    73
     9    20    19    80
    10    20    80    79
    11    71    65    64
    12    78    72    71
    13    65    59    58
    14    35    36     5
    15    54    55    48
    16    41    42    35
    17    21    79    78
    18    66    60    59
    19    75    76    69
    20    40    34    33
    21    17    16    81
    22    62    63    56
    23    37    38     7
    24    49    50    43
    25    31    33    32
    26    41    35    34
    27    61    55    54
    28    22    78    77
    29    43    44    37
    30    25    24    75
    31    48    42    41
    32    70    71    64
    33    38     8     7
    34    19    81    80
    35    64    65    58
    36    76    70    69
    37    58    59    52
    38    39     9     8
    39    63    57    56
    40    70    64    63
    41    33     3     2
    42    44    38    37
    43     1    32    33
    44    66    67    60
    45    34    35     4
    46    73    74    67
    47    30    40    31
    48    34     4     3
    49    40    41    34
    50    23    22    77
    51    28    61    54
    52    52    46    45
    53    35     5     4
    54    31    40    33
    55    59    53    52
    56    28    54    29
    57    39    10     9
    58    19    18    81
    59    61    62    55
    60    80    74    73
    61    22    21    78
    62    69    70    63
    63    54    48    47
    64    33     2     1
    65    56    57    50
    66    81    15    74
    67    30    47    40
    68    63    64    57
    69    38    39     8
    70    75    69    68
    71    29    47    30
    72    44    45    38
    73    46    11    10
    74    69    63    62
    75    51    52    45
    76    46    10    39
    77    26    75    68
    78    81    18    17
    79    27    61    28
    80    29    54    47
    81    45    46    39
    82    50    44    43
    83    52    53    46
    84    59    60    53
    85    25    75    26
    86    64    58    57
    87    67    13    60
    88    51    45    44
    89    67    14    13
    90    58    52    51
    91    80    81    74
    92    45    39    38
    93    47    48    41
    94    68    69    62
    95    55    56    49
    96    26    68    27
    97    47    41    40
    98    74    15    14
    99    27    68    61
   100    53    11    46
   101    68    62    61
   102    60    13    12
   103    50    51    44
   104    57    58    51
   105    49    43    42
   106    74    14    67
   107    65    66    59
   108    72    73    66
   109    57    51    50
   110    24    76    75
   111    53    12    11
   112    72    66    65
   113    79    73    72
   114    60    12    53
   115    36    37     6
   116    48    49    42
   117    73    67    66
   118    36     6     5
   119    42    43    36
   120    37     7     6
   121    76    77    70
   122    55    49    48
   123    77    78    71
   124    42    36    35
   125    62    56    55
   126    21    20    79
   127    71    72    65
   128    56    50    49
