    261             432             2               3
    1               0               0
    2     0.882352941               0
    3               0     0.909090909
    4      1.32352941     0.780624907
    5     0.850244054      1.54226926
    6      1.76470588               0
    7               0      1.81818182
    8      1.74687029      1.55501896
    9      2.20588235     0.780624907
   10      1.04995487       2.3145644
   11      2.64705882               0
   12               0      2.72727273
   13      2.00912683      2.24803117
   14      2.64705882      1.56124981
   15      3.08823529     0.780624907
   16     0.829744251      3.10592074
   17      3.52941176               0
   18      1.73126409      3.11454671
   19               0      3.63636364
   20      3.37289617      1.88335585
   21      2.87048609      2.69477598
   22      4.01584981       1.1780693
   23      1.22343308      4.06372492
   24      2.52572855      3.58469777
   25      4.41176471               0
   26               0      4.54545455
   27      3.75064058      2.67849493
   28      4.24105599      2.02907999
   29      3.38790511      3.40696596
   30      4.81970566     0.742267738
   31      4.84245082      1.48083616
   32     0.807409831               5
   33      2.35036388      4.52281596
   34      1.59018299      5.00000001
   35      3.16520211      4.18968585
   36      5.29411765               0
   37      4.59138062       2.8035126
   38      4.23730189      3.37536939
   39               0      5.45454545
   40      5.04450889      2.30645457
   41      3.99433043      4.00255102
   42      5.59864601     0.926286261
   43      3.09011545      5.00000001
   44      5.58125597      1.90112199
   45      2.35036388      5.47718407
   46      4.97616761      3.43730914
   47      3.87074035      4.66369957
   48      1.22343308      5.93627509
   49      5.30628434      3.00016394
   50      4.73199696      3.92766991
   51      6.17647059               0
   52      5.71110543      2.63112076
   53       6.2931778     0.758459954
   54               0      6.36363636
   55      6.18334357      1.60131799
   56      4.58208733       4.4545476
   57      5.50495693      3.49341341
   58      5.26209177      3.88565411
   59      3.87074035      5.33630044
   60      6.17684518      2.34274691
   61      5.81576089      3.15247771
   62      3.16520211      5.81031417
   63      5.09543589      4.31584253
   64      4.53154373      5.00000001
   65      6.18391959      2.87445716
   66      2.52572856      6.41530226
   67      5.01066456      4.76932911
   68     0.829744251      6.89407926
   69      6.82499949      1.28007018
   70      6.68764338      2.14486264
   71      7.05882353               0
   72      1.73126409      6.88545329
   73      6.59689583      2.66881943
   74      4.58208734      5.54545241
   75      3.99433044      5.99744899
   76      5.01066456       5.2306709
   77               0      7.27272727
   78      3.38790512      6.59303405
   79       7.0406262      2.54256725
   80      7.22610541      2.04420664
   81      7.50090323      1.13157385
   82      5.09543589      5.68415748
   83      4.73199696      6.07233009
   84      1.04995487       7.6854356
   85      2.87048609      7.30522402
   86       4.2373019      6.62463062
   87             7.5             2.5
   88      7.94117647               0
   89      2.00912683      7.75196883
   90      7.77389459      2.04420664
   91      5.26209177      6.11434589
   92               0      8.18181818
   93      3.75064059      7.32150507
   94      4.97616761      6.56269086
   95      8.17530158      1.28007018
   96      7.95937379      2.54256725
   97     0.850244054      8.45773074
   98      5.50495693      6.50658659
   99      4.59138062       7.1964874
  100      8.31235662      2.14486263
  101      1.74687029      8.44498104
  102      8.70682219     0.758459951
  103      5.30628435      6.99983606
  104      3.37289617      8.11664415
  105      8.40310416      2.66881943
  106      8.82352941               0
  107      2.64705882      8.43875019
  108      8.81665642      1.60131799
  109      5.81576089      6.84752229
  110      4.24105599      7.97092002
  111               0      9.09090909
  112      8.82315481      2.34274691
  113      5.04450889      7.69354543
  114       8.8160804      2.87445716
  115      1.32352941      9.21937509
  116      5.71110543      7.36887925
  117      6.18391959      7.12554284
  118      9.40135399     0.926286257
  119      2.20588235      9.21937509
  120      9.41874402      1.90112199
  121      9.28889456      2.63112075
  122      4.01584981       8.8219307
  123      9.70588235               0
  124      9.18423911       3.1524777
  125      3.08823529      9.21937509
  126      4.84245082      8.51916384
  127      5.58125597      8.09887801
  128      6.17684518      7.65725309
  129      6.59689584      7.33118057
  130               0              10
  131     0.882352941              10
  132      9.49504307      3.49341341
  133      9.69371565      3.00016394
  134      1.76470588              10
  135      10.1802943     0.742267732
  136       9.9554911      2.30645456
  137      7.04062621      7.45743275
  138      10.1575492      1.48083615
  139      6.68764338      7.85513736
  140      2.64705882              10
  141      6.18334358      8.39868201
  142      4.81970566      9.25773226
  143      9.73790823      3.88565411
  144      10.5882353               0
  145      10.0238324      3.43730914
  146      3.52941176              10
  147             7.5             7.5
  148      5.59864601      9.07371374
  149      7.22610541      7.95579336
  150      10.4086194      2.80351259
  151      9.90456411      4.31584252
  152       7.9593738      7.45743275
  153      4.41176471              10
  154       10.758944      2.02907997
  155       10.268003      3.92766991
  156      10.9841502      1.17806929
  157      9.98933544       4.7693291
  158      6.82499949      8.71992982
  159      7.77389459      7.95579337
  160      8.40310417      7.33118057
  161      6.29317781      9.24154005
  162      9.98933544       5.2306709
  163      10.7626981      3.37536939
  164      5.29411765              10
  165      10.4179127      4.45454759
  166      8.81608041      7.12554284
  167      9.90456411      5.68415747
  168      8.31235663      7.85513736
  169      9.18423911      6.84752229
  170      11.4705882               0
  171      9.73790823      6.11434589
  172      9.49504307      6.50658659
  173      11.2493594      2.67849494
  174      10.4684563               5
  175      7.50090323      8.86842615
  176      8.82315482      7.65725309
  177      11.0056696      4.00255101
  178      6.17647059              10
  179      11.6271038      1.88335585
  180      10.4179127      5.54545241
  181      9.28889457      7.36887924
  182       10.268003      6.07233009
  183      11.9117647     0.780624907
  184      8.17530159      8.71992982
  185      9.69371566      6.99983606
  186      10.0238324      6.56269085
  187      11.1292596      4.66369957
  188      11.6120949      3.40696596
  189      8.81665643      8.39868201
  190      7.05882353              10
  191      12.0129553      2.57454568
  192      11.1292596      5.33630043
  193      12.3529412               0
  194      9.41874403      8.09887801
  195      12.3351056      1.55501896
  196      11.0056696      5.99744899
  197      11.8347979      4.18968584
  198      9.95549111      7.69354543
  199      10.7626981      6.62463061
  200      10.4086194      7.19648739
  201      8.70682221      9.24154005
  202      7.94117647              10
  203      12.7941176     0.780624907
  204      11.9098846               5
  205      12.4742714      3.58469775
  206        9.401354      9.07371374
  207       12.895281      2.52949251
  208      11.8347979      5.81031416
  209      13.2352941               0
  210      10.1575492      8.51916384
  211      13.2352941      1.56124981
  212      8.82352941              10
  213      11.6120949      6.59303404
  214       10.758944      7.97092001
  215      11.2493594      7.32150506
  216      12.6496361      4.52281594
  217      13.6764706     0.780624907
  218      10.1802943      9.25773226
  219      12.6496361      5.47718406
  220      13.3532814      3.51501499
  221      9.70588235              10
  222      12.4742714      6.41530224
  223      10.9841502      8.82193069
  224      14.1176471               0
  225      12.1295139      7.30522401
  226      13.9607782      2.38642788
  227      11.6271038      8.11664414
  228      13.4375064       4.5396847
  229      14.1354827      1.55501896
  230       13.337197      5.12843888
  231      10.5882353              10
  232      14.2215927      3.18951626
  233      14.2193751      4.09090909
  234      13.2718114       6.8846002
  235      12.3529412      8.43875019
  236      14.1245775      4.95146014
  237      13.7533865      5.94972814
  238              15               0
  239              15     0.909090909
  240      11.9117647      9.21937509
  241              15      1.81818182
  242      12.9917456      7.75177867
  243      11.4705882              10
  244              15      2.72727273
  245              15      3.63636364
  246              15      4.54545455
  247      13.2531297      8.44498104
  248      14.1731092      6.89599037
  249      12.7941176      9.21937509
  250      12.3529412              10
  251      13.9513317      7.68533793
  252              15      5.45454545
  253              15      6.36363636
  254      14.1497559      8.45773074
  255      13.6764706      9.21937509
  256      13.2352941              10
  257              15      7.27272727
  258              15      8.18181818
  259      14.1176471              10
  260              15      9.09090909
  261              15              10
  1 147 152 159
2 96 87 90
3 129 137 139
4 162 157 174
5 63 67 56
6 169 172 185
7 132 124 133
8 65 61 52
9 91 98 94
10 160 166 176
11 151 143 155
12 79 73 70
13 76 82 74
14 171 167 182
15 114 105 112
16 57 58 46
17 109 117 116
18 152 160 168
19 87 79 80
20 137 147 149
21 157 151 165
22 67 76 64
23 172 171 186
24 124 114 121
25 61 57 49
26 98 109 103
27 166 169 181
28 143 132 145
29 73 65 60
30 82 91 83
31 167 162 180
32 105 96 100
33 58 63 50
34 117 129 128
35 159 152 168
36 116 117 128
37 50 63 56
38 94 98 103
39 49 57 46
40 56 67 64
41 74 82 83
42 165 151 155
43 60 65 52
44 139 137 149
45 155 143 145
46 80 79 70
47 181 169 185
48 133 124 121
49 112 105 100
50 186 171 182
51 180 162 174
52 90 87 80
53 168 160 176
54 128 129 139
55 176 166 181
56 103 109 116
57 185 172 186
58 182 167 180
59 64 76 74
60 83 91 94
61 174 157 165
62 70 73 60
63 149 147 159
64 145 132 133
65 52 61 49
66 46 58 50
67 121 114 112
68 100 96 90
69 159 168 184
70 180 174 192
71 121 112 120
72 60 52 44
73 64 74 59
74 49 46 37
75 181 185 198
76 176 181 194
77 149 159 175
78 50 56 41
79 155 145 163
80 168 176 189
81 174 165 187
82 74 83 75
83 112 100 108
84 185 186 200
85 52 49 40
86 116 128 127
87 90 80 81
88 100 90 95
89 139 149 158
90 83 94 86
91 56 64 47
92 133 121 136
93 103 116 113
94 145 133 150
95 94 103 99
96 80 70 69
97 128 139 141
98 70 60 55
99 165 155 177
100 186 182 199
101 182 180 196
102 46 50 38
103 184 168 189
104 184 189 201
105 40 49 37
106 40 37 28
107 196 180 192
108 196 192 208
109 175 159 184
110 175 184 202
111 113 116 127
112 113 127 126
113 59 74 75
114 59 75 62
115 187 165 177
116 187 177 197
117 158 149 175
118 158 175 190
119 141 139 158
120 141 158 161
121 120 112 108
122 120 108 118
123 163 145 150
124 163 150 173
125 81 80 69
126 81 69 71
127 99 103 113
128 99 113 110
129 198 185 200
130 198 200 214
131 108 100 95
132 108 95 102
133 47 64 59
134 47 59 43
135 177 155 163
136 177 163 188
137 192 174 187
138 192 187 204
139 127 128 141
140 127 141 148
141 38 50 41
142 38 41 29
143 41 56 47
144 41 47 35
145 150 133 136
146 150 136 154
147 37 46 38
148 37 38 27
149 75 83 86
150 75 86 78
151 86 94 99
152 86 99 93
153 55 60 44
154 55 44 42
155 44 52 40
156 44 40 31
157 189 176 194
158 189 194 206
159 95 90 81
160 95 81 88
161 69 70 55
162 69 55 53
163 194 181 198
164 194 198 210
165 200 186 199
166 200 199 215
167 136 121 120
168 136 120 138
169 199 182 196
170 199 196 213
171 201 189 206
172 201 206 212
173 173 150 154
174 173 154 179
175 29 41 35
176 29 35 24
177 206 194 210
178 206 210 218
179 62 75 78
180 62 78 66
181 43 59 62
182 43 62 45
183 78 86 93
184 78 93 85
185 138 120 118
186 138 118 135
187 208 192 204
188 208 204 219
189 214 200 215
190 214 215 227
191 154 136 138
192 154 138 156
193 210 198 214
194 210 214 223
195 161 158 190
196 204 187 197
197 204 197 216
198 42 44 31
199 42 31 30
200 28 37 27
201 28 27 20
202 110 113 126
203 110 126 122
204 35 47 43
205 35 43 33
206 53 55 42
207 53 42 51
208 197 177 188
209 197 188 205
210 188 163 173
211 188 173 191
212 93 99 110
213 93 110 104
214 213 196 208
215 213 208 222
216 126 127 148
217 126 148 142
218 102 95 88
219 27 38 29
220 27 29 21
221 215 199 213
222 215 213 225
223 118 108 102
224 118 106 123
225 148 141 161
226 148 178 164
227 31 40 28
228 31 28 22
229 184 201 202
230 69 53 71
231 179 154 156
232 227 215 225
233 205 188 191
234 45 62 66
235 30 31 22
236 142 148 164
237 142 164 153
238 142 153 122
239 218 210 223
240 223 214 227
241 104 110 122
242 135 118 123
243 135 123 144
244 135 144 156
245 122 126 142
246 225 213 222
247 24 35 33
248 156 138 135
249 191 173 179
250 85 93 104
251 20 27 21
252 21 29 24
253 66 78 85
254 216 197 205
255 222 208 219
256 219 204 216
257 33 43 45
258 22 28 20
259 42 30 36
260 36 30 25
261 25 30 22
262 206 218 221
263 221 218 231
264 231 218 223
265 1 2 3
266 224 238 239
267 134 131 115
268 71 88 81
269 212 202 201
270 212 206 221
271 17 25 22
272 144 170 156
273 250 243 240
274 6 11 9
275 106 118 102
276 106 102 88
277 259 256 255
278 190 178 161
279 161 178 148
280 36 51 42
281 53 51 71
282 193 209 203
283 146 140 125
284 2 6 4
285 261 259 260
286 131 130 111
287 202 190 175
288 170 193 183
289 243 231 223
290 153 146 122
291 11 17 15
292 256 250 249
293 209 224 217
294 140 134 119
295 115 131 111
296 203 209 217
297 203 217 211
298 15 17 22
299 211 217 229
300 203 211 195
301 9 11 15
302 9 15 14
303 14 15 20
304 14 20 21
305 9 14 8
306 4 6 9
307 4 9 8
308 4 8 5
309 5 8 10
310 4 5 3
311 217 224 239
312 240 243 223
313 125 140 119
314 125 119 107
315 107 119 101
316 125 107 104
317 104 107 85
318 249 250 240
319 249 240 235
320 235 240 227
321 235 227 225
322 249 235 247
323 255 256 249
324 255 249 247
325 255 247 254
326 254 247 251
327 255 254 260
328 183 193 203
329 183 203 195
330 183 195 179
331 179 195 191
332 119 134 115
333 119 115 101
334 101 115 97
335 97 115 111
336 101 97 84
337 2 4 3
338 146 125 122
339 259 255 260
340 170 183 156
341 229 217 239
342 8 14 13
343 107 101 89
344 195 211 207
345 5 10 7
346 251 247 242
347 211 229 226
348 10 8 13
349 247 235 242
350 254 251 258
351 84 92 77
352 101 84 89
353 13 14 21
354 13 21 18
355 207 211 226
356 226 241 244
357 195 207 191
358 191 207 205
359 107 89 85
360 85 72 66
361 251 242 234
362 234 225 222
363 251 234 248
364 248 234 237
365 251 248 257
366 237 234 222
367 248 237 253
368 10 13 18
369 18 21 24
370 10 18 16
371 16 18 23
372 10 16 12
373 23 18 24
374 16 23 19
375 242 235 225
376 242 225 234
377 89 84 72
378 72 84 68
379 89 72 85
380 68 84 77
381 72 68 48
382 48 68 54
383 72 48 66
384 257 248 253
385 257 258 251
386 254 258 260
387 39 26 32
388 32 26 23
389 39 32 48
390 245 246 233
391 233 246 236
392 236 246 252
393 233 236 228
394 228 236 230
395 233 228 220
396 230 236 237
397 230 237 219
398 228 230 216
399 220 228 216
400 233 220 232
401 232 220 226
402 233 232 245
403 245 232 244
404 244 232 226
405 236 252 237
406 111 92 97
407 97 92 84
408 7 3 5
409 7 10 12
410 241 226 229
411 241 229 239
412 19 12 16
413 252 253 237
414 77 54 68
415 26 19 23
416 54 39 48
417 207 226 220
418 179 156 183
419 104 122 125
420 222 219 237
421 230 219 216
422 24 33 23
423 33 45 34
424 34 45 48
425 33 34 23
426 45 66 48
427 22 20 15
428 223 227 240
429 216 205 220
430 220 205 207
431 34 48 32
432 34 32 23