   289   512     2     3
     1      0.000000000000      0.000000000000
     2      0.000000000000      0.062500000000
     3      0.000000000000      0.125000000000
     4      0.000000000000      0.187500000000
     5      0.000000000000      0.250000000000
     6      0.000000000000      0.312500000000
     7      0.000000000000      0.375000000000
     8      0.000000000000      0.437500000000
     9      0.000000000000      0.500000000000
    10      0.000000000000      0.562500000000
    11      0.000000000000      0.625000000000
    12      0.000000000000      0.687500000000
    13      0.000000000000      0.750000000000
    14      0.000000000000      0.812500000000
    15      0.000000000000      0.875000000000
    16      0.000000000000      0.937500000000
    17      0.000000000000      1.000000000000
    18      0.062500000000      1.000000000000
    19      0.125000000000      1.000000000000
    20      0.187500000000      1.000000000000
    21      0.250000000000      1.000000000000
    22      0.312500000000      1.000000000000
    23      0.375000000000      1.000000000000
    24      0.437500000000      1.000000000000
    25      0.500000000000      1.000000000000
    26      0.562500000000      1.000000000000
    27      0.625000000000      1.000000000000
    28      0.687500000000      1.000000000000
    29      0.750000000000      1.000000000000
    30      0.812500000000      1.000000000000
    31      0.875000000000      1.000000000000
    32      0.937500000000      1.000000000000
    33      1.000000000000      1.000000000000
    34      1.000000000000      0.937500000000
    35      1.000000000000      0.875000000000
    36      1.000000000000      0.812500000000
    37      1.000000000000      0.750000000000
    38      1.000000000000      0.687500000000
    39      1.000000000000      0.625000000000
    40      1.000000000000      0.562500000000
    41      1.000000000000      0.500000000000
    42      1.000000000000      0.437500000000
    43      1.000000000000      0.375000000000
    44      1.000000000000      0.312500000000
    45      1.000000000000      0.250000000000
    46      1.000000000000      0.187500000000
    47      1.000000000000      0.125000000000
    48      1.000000000000      0.062500000000
    49      1.000000000000      0.000000000000
    50      0.937500000000      0.000000000000
    51      0.875000000000      0.000000000000
    52      0.812500000000      0.000000000000
    53      0.750000000000      0.000000000000
    54      0.687500000000      0.000000000000
    55      0.625000000000      0.000000000000
    56      0.562500000000      0.000000000000
    57      0.500000000000      0.000000000000
    58      0.437500000000      0.000000000000
    59      0.375000000000      0.000000000000
    60      0.312500000000      0.000000000000
    61      0.250000000000      0.000000000000
    62      0.187500000000      0.000000000000
    63      0.125000000000      0.000000000000
    64      0.062500000000      0.000000000000
    65      0.056044366581      0.077509452769
    66      0.069204049842      0.143496197849
    67      0.091349289422      0.210428073881
    68      0.076926789527      0.267472683581
    69      0.079141622517      0.326718265884
    70      0.096481243482      0.392050814586
    71      0.096964102033      0.439877756215
    72      0.089831541117      0.514679527560
    73      0.083019047049      0.597110417344
    74      0.095211606545      0.652882892454
    75      0.080194014373      0.713536352940
    76      0.068429013434      0.777344664824
    77      0.074142773923      0.839520742990
    78      0.073087003785      0.905116797037
    79      0.082439231840      0.965005601784
    80      0.125578211666      0.095620501869
    81      0.126807157990      0.128320786431
    82      0.130782416074      0.201471428892
    83      0.158797010006      0.267533523871
    84      0.153959053042      0.321709274494
    85      0.150371780753      0.376318585337
    86      0.159651325427      0.472299031189
    87      0.160658046520      0.525943731866
    88      0.160266234116      0.567784449246
    89      0.130360233460      0.630281947009
    90      0.159231385640      0.712672289021
    91      0.143944966008      0.763606911478
    92      0.127645947044      0.815228980143
    93      0.136136460853      0.889672869393
    94      0.156970385000      0.942606805503
    95      0.216923421882      0.090643129345
    96      0.187396666101      0.158035930653
    97      0.210304499327      0.187608414745
    98      0.216169213458      0.273199856541
    99      0.196250968454      0.336729600806
   100      0.189789290831      0.384057169760
   101      0.196897997342      0.467613447110
   102      0.191168554802      0.510498498121
   103      0.204775674151      0.563459294127
   104      0.202460158463      0.628332397757
   105      0.201117464419      0.715995891714
   106      0.219170182654      0.775407236626
   107      0.202519911240      0.840478813705
   108      0.197637423893      0.897282951572
   109      0.189220755143      0.966979123574
   110      0.257741549929      0.063665000019
   111      0.258493546686      0.139432795194
   112      0.251027234552      0.196399029846
   113      0.275077334683      0.267169689086
   114      0.250271373343      0.343957215225
   115      0.271818290485      0.385024152532
   116      0.264574561274      0.458897881698
   117      0.258890939638      0.500936634775
   118      0.273302130525      0.568042807029
   119      0.261438466990      0.654782530645
   120      0.253702575795      0.694460477322
   121      0.269127317648      0.779635286954
   122      0.255888222943      0.824574102106
   123      0.281551382227      0.898968448197
   124      0.273802036145      0.939370225681
   125      0.342757399354      0.088706205585
   126      0.339725989367      0.142826729156
   127      0.341317150093      0.221184513051
   128      0.335103923476      0.260347493930
   129      0.337871986134      0.325948168960
   130      0.337095023433      0.379062588524
   131      0.323962400262      0.471958930481
   132      0.331487441279      0.515446836733
   133      0.343685497492      0.565520113327
   134      0.314447845306      0.650595585974
   135      0.330371456233      0.705599549234
   136      0.327955829084      0.761717419324
   137      0.344795803272      0.839411576467
   138      0.335006548265      0.904857350879
   139      0.347608436503      0.946561298296
   140      0.395895749240      0.081582344857
   141      0.405019903216      0.140538785908
   142      0.391742135907      0.193131077518
   143      0.394471812755      0.271445343969
   144      0.381396454898      0.345980263437
   145      0.397659314718      0.378848489076
   146      0.409391377262      0.469642186525
   147      0.394071918003      0.519659462279
   148      0.392129080082      0.577762738458
   149      0.403345217179      0.630442172441
   150      0.378311204231      0.696340928647
   151      0.406457126528      0.765977456915
   152      0.375138340554      0.831527979917
   153      0.393268896150      0.887666111939
   154      0.399230844083      0.965111243295
   155      0.457704326644      0.093987665772
   156      0.454587152178      0.151216918133
   157      0.448946590699      0.202015139350
   158      0.458984886200      0.271577705741
   159      0.470112565072      0.335396576118
   160      0.461875627265      0.379552377954
   161      0.471311907405      0.455221140470
   162      0.441038892632      0.511088190735
   163      0.455751032888      0.583163373593
   164      0.441433154982      0.658700319155
   165      0.456973638471      0.702747843183
   166      0.462099496391      0.751183158612
   167      0.442764892440      0.845694067099
   168      0.465270037057      0.908035080405
   169      0.451751829754      0.950296675698
   170      0.532081932186      0.071785116763
   171      0.510965703016      0.153101980576
   172      0.502180327679      0.205770724005
   173      0.507838228706      0.270090229025
   174      0.502958310645      0.336956911613
   175      0.533942688083      0.378299875948
   176      0.500584665813      0.468663533891
   177      0.504095301027      0.533676352707
   178      0.500443212320      0.565949794128
   179      0.507722404609      0.655210089464
   180      0.500408126027      0.719978414815
   181      0.522944616628      0.750405040734
   182      0.518463962126      0.831202953705
   183      0.508769362300      0.898226616916
   184      0.506919547859      0.951255191097
   185      0.565745332032      0.085689313150
   186      0.575658597306      0.152244733534
   187      0.562778301898      0.208060197282
   188      0.584025040743      0.272568534653
   189      0.579601953007      0.322435855144
   190      0.573504202532      0.404994157317
   191      0.589087301526      0.452744105405
   192      0.592476759869      0.522557942039
   193      0.571872568569      0.592266677901
   194      0.580865645045      0.634649480841
   195      0.578456218842      0.701814312006
   196      0.574686112342      0.769794806872
   197      0.592469350184      0.828352334173
   198      0.597589017911      0.878228004358
   199      0.584873732181      0.964085046785
   200      0.631474103276      0.063664827515
   201      0.629393457432      0.140347940524
   202      0.645713164477      0.188830791971
   203      0.636733420052      0.284849918252
   204      0.634578084218      0.331154996194
   205      0.644651396403      0.407486784788
   206      0.631447031960      0.451187425716
   207      0.649231852467      0.531587579877
   208      0.626988874649      0.571607771759
   209      0.626216328016      0.657466065783
   210      0.635232801956      0.719448587312
   211      0.627763930251      0.764232755750
   212      0.657163296081      0.834822142923
   213      0.655235926681      0.895271331649
   214      0.639132088307      0.969446853052
   215      0.693543400179      0.070148776555
   216      0.702873295267      0.125137825465
   217      0.702364932623      0.218949337057
   218      0.713527266913      0.258397200905
   219      0.702016916980      0.321245164960
   220      0.721493123427      0.397889894072
   221      0.720070893592      0.448375874317
   222      0.721479082729      0.529486457564
   223      0.699857185813      0.594060311104
   224      0.697865864599      0.658763319928
   225      0.719167884387      0.701456976372
   226      0.695001099882      0.778618573740
   227      0.692174162420      0.818111188856
   228      0.706089853119      0.897327335599
   229      0.719837955348      0.962463762599
   230      0.764376079380      0.065566747148
   231      0.757705758650      0.143970698672
   232      0.752812124216      0.219234518462
   233      0.783323566413      0.259416643071
   234      0.771531127149      0.320885197303
   235      0.763481863320      0.404987758123
   236      0.773747551469      0.455197858202
   237      0.778292509444      0.505441655943
   238      0.761910433210      0.570741719850
   239      0.774737816583      0.648498355610
   240      0.757279131327      0.707605299330
   241      0.784239771282      0.760422454916
   242      0.775422587729      0.834725178026
   243      0.755960949719      0.900568050296
   244      0.765819339137      0.947531977028
   245      0.835106913057      0.077224041278
   246      0.845713113194      0.137935918259
   247      0.831404677438      0.215406857888
   248      0.834874086552      0.254838826815
   249      0.836814961519      0.344716768370
   250      0.845471340111      0.385344145922
   251      0.817958362223      0.455341354503
   252      0.826990028347      0.527985371006
   253      0.823659857101      0.586680787953
   254      0.837282105656      0.630350418929
   255      0.844310281193      0.712379267129
   256      0.830023963082      0.754607608683
   257      0.841279411051      0.846283795979
   258      0.824177928854      0.906676962423
   259      0.832290686884      0.956045167877
   260      0.888885154796      0.086764598048
   261      0.907029607386      0.159885477049
   262      0.899147145741      0.191980727014
   263      0.904585605294      0.276865823255
   264      0.878931744560      0.342037568193
   265      0.884972404805      0.402908225961
   266      0.902415577346      0.444317238098
   267      0.882716307002      0.515308619307
   268      0.876216504578      0.563016312397
   269      0.890591139205      0.636617338883
   270      0.908459418229      0.692310786737
   271      0.884360320100      0.766089909360
   272      0.895370784207      0.832961121004
   273      0.888154433169      0.903599798779
   274      0.877479420409      0.954011491160
   275      0.955372114005      0.081519162293
   276      0.967036246696      0.158060871140
   277      0.946749372160      0.219610065632
   278      0.939138750236      0.269458335659
   279      0.946302557289      0.344682998220
   280      0.961097576594      0.376850953889
   281      0.949264631826      0.466378661381
   282      0.961053437413      0.511960877835
   283      0.937964433010      0.570667254187
   284      0.963145280596      0.654371493130
   285      0.951468529005      0.699936949250
   286      0.938706773743      0.755919821447
   287      0.952188027442      0.813692247639
   288      0.964671000310      0.910708933470
   289      0.979665798459      0.971057023349
     1   116   117   102
     2    78    16    15
     3   274    31    30
     4   136   137   122
     5   109    19    94
     6   196   197   182
     7   176   177   162
     8   126   112   111
     9    54   215   200
    10   186   172   171
    11   166   152   151
    12   113    99    98
    13   183   184   169
    14   286   272   271
    15   283   284   269
    16    58   140    59
    17   153   139   138
    18   130   131   116
    19    72    10     9
    20   190   191   176
    21    80    66    65
    22   200   186   185
    23    79    17    16
    24   127   113   112
    25   197   198   183
    26   237   238   223
    27   280   266   265
    28   289    32    31
    29   147   133   132
    30   144   145   130
    31   167   153   152
    32   164   165   150
    33    43    42   281
    34   267   253   252
    35   134   120   119
    36   284   285   270
    37   231   232   217
    38    81    67    66
    39   171   172   157
    40   271   272   257
    41   118   119   104
    42   181   167   166
    43    88    74    73
    44   178   179   164
    45   241   227   226
    46   281   267   266
    47   125   126   111
    48   238   239   224
    49   148   134   133
    50   168   154   153
    51   208   194   193
    52   185   186   171
    53   165   166   151
    54   245   246   231
    55   115   101   100
    56   288   274   273
    57    38   286   285
    58   172   173   158
    59   195   181   180
    60    75    76    13
    61   274    30   259
    62   152   153   138
    63   119   120   105
    64   182   168   167
    65   252   253   238
    66   229    28    27
    67   222   208   207
    68   179   180   165
    69    86    87    72
    70    42    41   282
    71   189   175   174
    72    63    65    64
    73   269   255   254
    74   166   167   152
    75    49    48   275
    76    42   282   281
    77    68     6     5
    78   266   267   252
    79    35   289   288
    80   196   182   181
    81    93    94    79
    82   133   134   119
    83   153   154   139
    84   103    89    88
    85   123   109   108
    86   163   149   148
    87    80    81    66
    88    76    77    14
    89   273   274   259
    90   203   189   188
    91   223   209   208
    92   263   249   248
    93   243   229   228
    94   180   181   166
    95    90    76    75
    96   220   221   206
    97   110    96    95
    98   127   128   113
    99    38    37   286
   100   280   281   266
   101   150   136   135
   102   210   196   195
   103    69     7     6
   104   227   228   213
   105    39   285   284
   106   117   103   102
   107   114   115   100
   108    70    71     8
   109   197   183   182
   110   174   175   160
   111   234   235   220
   112    84    70    69
   113    56   170    57
   114   141   142   127
   115   181   182   167
   116    59   125    60
   117   241   242   227
   118    94    19    18
   119   229    27   214
   120   284   270   269
   121    94    18    79
   122   281   282   267
   123   191   177   176
   124   108   109    94
   125    43   281   280
   126   231   217   216
   127   251   237   236
   128    70     8     7
   129   188   189   174
   130   271   257   256
   131   118   104   103
   132   138   124   123
   133   158   144   143
   134    95    96    81
   135   228   229   214
   136   198   184   183
   137    77    15    14
   138   155   156   141
   139   238   224   223
   140   125   111   110
   141   255   256   241
   142   278   264   263
   143   215   216   201
   144   122   123   108
   145   169    23   154
   146   275   276   261
   147   184    25    24
   148   162   163   148
   149    58   155   140
   150   245   231   230
   151    37    36   287
   152   182   183   168
   153    92    78    77
   154   262   263   248
   155    49   275    50
   156    44    43   280
   157   172   158   157
   158   232   218   217
   159   192   178   177
   160   212   198   197
   161    40   284   283
   162   149   150   135
   163   209   210   195
   164   252   238   237
   165    63    80    65
   166   249   250   235
   167    99    85    84
   168   244    28   229
   169   269   270   255
   170    86    72    71
   171   239   225   224
   172   146   132   131
   173   103   104    89
   174    83    84    69
   175   246   232   231
   176   123   124   109
   177   143   144   129
   178   163   164   149
   179   203   204   189
   180    93    79    78
   181   223   224   209
   182    66    67     4
   183     1    64    65
   184    65     3     2
   185    90    91    76
   186   263   264   249
   187   243   244   229
   188   133   119   118
   189   110   111    96
   190   193   179   178
   191    37   287   286
   192   213   199   198
   193   210   211   196
   194   170   171   156
   195   250   251   236
   196   160   146   145
   197    97    98    83
   198   124    21    20
   199   270   271   256
   200   180   166   165
   201   217   218   203
   202   260   246   245
   203   187   173   172
   204   104   105    90
   205    84    85    70
   206   277   278   263
   207    36    35   288
   208   204   205   190
   209   227   213   212
   210    48   276   275
   211    66     4     3
   212   114   100    99
   213   124    20   109
   214   207   193   192
   215   287   273   272
   216    67    68     5
   217   264   265   250
   218    41   283   282
   219    91    92    77
   220   111   112    97
   221    73    11    10
   222   254   240   239
   223   191   192   177
   224   211   212   197
   225   101    87    86
   226   158   159   144
   227   201   187   186
   228   138   139   124
   229   221   207   206
   230    51   245    52
   231    60   125   110
   232   128   114   113
   233   198   199   184
   234   139    22    21
   235   108    94    93
   236    39    38   285
   237   188   174   173
   238    67     5     4
   239   228   214   213
   240    95    81    80
   241    46    45   278
   242   225   226   211
   243   265   266   251
   244    68    69     6
   245    51   260   245
   246   132   133   118
   247   255   241   240
   248   212   213   198
   249   192   193   178
   250   142   128   127
   251   122   108   107
   252   275   261   260
   253    99   100    85
   254   272   273   258
   255   139    21   124
   256   242   228   227
   257   129   115   114
   258   279   280   265
   259   239   240   225
   260   149   135   134
   261   186   187   172
   262   249   235   234
   263    96    82    81
   264    69    70     7
   265   226   227   212
   266   206   207   192
   267   113   114    99
   268   136   122   121
   269   156   142   141
   270    61   110    95
   271    75    13    12
   272   286   287   272
   273   216   202   201
   274   256   242   241
   275   276   262   261
   276   100   101    86
   277    79    18    17
   278   143   129   128
   279   213   214   199
   280    52   245   230
   281    65     2     1
   282   240   241   226
   283   260   261   246
   284   107   108    93
   285   170   156   155
   286   187   188   173
   287   154    22   139
   288    46   278   277
   289   270   256   255
   290    53   215    54
   291   207   208   193
   292   217   203   202
   293   287   288   273
   294   177   163   162
   295    57   170   155
   296    76    14    13
   297   134   135   120
   298   257   243   242
   299   277   263   262
   300    81    82    67
   301   104    90    89
   302   254   255   240
   303    62    95    80
   304   121   122   107
   305   224   210   209
   306   264   250   249
   307   201   202   187
   308   111    97    96
   309    41    40   283
   310   131   117   116
   311    88    89    74
   312   128   129   114
   313    48    47   276
   314   171   157   156
   315   259    30    29
   316    62    80    63
   317    36   288   287
   318   248   249   234
   319   178   164   163
   320   218   204   203
   321   135   136   121
   322   105    91    90
   323    85    71    70
   324   145   131   130
   325   205   191   190
   326   142   143   128
   327   225   211   210
   328   265   251   250
   329   202   203   188
   330   242   243   228
   331   132   118   117
   332    89    90    75
   333    47   277   276
   334   272   258   257
   335   159   145   144
   336    96    97    82
   337   216   217   202
   338   279   265   264
   339   256   257   242
   340   276   277   262
   341   206   192   191
   342   226   212   211
   343   266   252   251
   344    40    39   284
   345    44   280   279
   346   173   159   158
   347    47    46   277
   348   100    86    85
   349   273   259   258
   350    73    74    11
   351   230   231   216
   352    61    95    62
   353   120   106   105
   354   117   118   103
   355   220   206   205
   356   177   178   163
   357   157   158   143
   358   240   226   225
   359    50   275   260
   360   107    93    92
   361   257   258   243
   362   224   225   210
   363   131   132   117
   364   174   160   159
   365   234   220   219
   366   214    27    26
   367    74    75    12
   368   251   252   237
   369   121   107   106
   370   218   219   204
   371   261   247   246
   372    85    86    71
   373   199    25   184
   374   105   106    91
   375   278   279   264
   376   145   146   131
   377    45   279   278
   378   248   234   233
   379    92    93    78
   380   135   121   120
   381    82    68    67
   382    57   155    58
   383   232   233   218
   384   102    88    87
   385   202   188   187
   386   159   160   145
   387   219   220   205
   388    60   110    61
   389    89    75    74
   390   262   248   247
   391   106   107    92
   392   246   247   232
   393   154    23    22
   394   214    26   199
   395   173   174   159
   396   236   222   221
   397    83    69    68
   398   140   141   126
   399   120   121   106
   400    50   260    51
   401   244    29    28
   402    87    88    73
   403   130   116   115
   404    45    44   279
   405   190   176   175
   406   230   216   215
   407    97    83    82
   408   247   248   233
   409   267   268   253
   410   157   143   142
   411   261   262   247
   412   151   137   136
   413    53   230   215
   414   258   244   243
   415   175   176   161
   416    82    83    68
   417   235   236   221
   418   102   103    88
   419   189   190   175
   420   219   205   204
   421    52   230    53
   422   156   157   142
   423   236   237   222
   424   106    92    91
   425    55   185    56
   426   289    34    33
   427   199    26    25
   428    59   140   125
   429   233   219   218
   430   184    24   169
   431   150   151   136
   432   140   126   125
   433   253   239   238
   434   137   138   123
   435    87    73    72
   436   259    29   244
   437   247   233   232
   438    55   200   185
   439   194   180   179
   440   151   152   137
   441   141   127   126
   442   161   147   146
   443    98    99    84
   444   258   259   244
   445    54   200    55
   446   205   206   191
   447   268   254   253
   448   112   113    98
   449   155   141   140
   450   175   161   160
   451   285   286   271
   452   215   201   200
   453   235   221   220
   454    74    12    11
   455   162   148   147
   456    56   185   170
   457   282   268   267
   458   126   127   112
   459    35    34   289
   460   209   195   194
   461   146   147   132
   462   116   102   101
   463   176   162   161
   464   233   234   219
   465   193   194   179
   466   253   254   239
   467   160   161   146
   468   183   169   168
   469   283   269   268
   470   200   201   186
   471    33    32   289
   472   289    31   274
   473   147   148   133
   474   250   236   235
   475   167   168   153
   476   137   123   122
   477   237   223   222
   478   169    24    23
   479    77    78    15
   480   194   195   180
   481   144   130   129
   482   164   150   149
   483   204   190   189
   484   101   102    87
   485   161   162   147
   486    91    77    76
   487   221   222   207
   488   211   197   196
   489   148   149   134
   490   168   169   154
   491   208   209   194
   492    98    84    83
   493    71    72     9
   494   268   269   254
   495   115   116   101
   496   288   289   274
   497   195   196   181
   498    78    79    16
   499   185   171   170
   500   165   151   150
   501   222   223   208
   502   112    98    97
   503   285   271   270
   504    65    66     3
   505   152   138   137
   506   282   283   268
   507   109    20    19
   508   129   130   115
   509   119   105   104
   510    71     9     8
   511    72    73    10
   512   179   165   164
